50 50 50 50 50 50 50 50 50 50 50 50 50 50 50 50 50 50 50 50 50 
70 59.7387342 55.52706011 53.41433076 52.14988419 51.28418697 50.63261245 50.10862235 49.66594679 49.27608086 48.91831361 48.5744542 48.22509552 47.84561487 47.3999528 46.82836721 46.01945301 44.73800084 42.41662852 37.48570007 25 
70 63.42790525 58.95523188 55.98046158 53.90112628 52.35438029 51.1377881 50.13609273 49.27925749 48.52024326 47.82290183 47.15458789 46.48048654 45.75757376 44.92597672 43.89419205 42.51155125 40.51600466 37.44286955 32.52620029 25 
70 65.01771129 60.88561196 57.65132104 55.11999094 53.09467467 51.42835854 50.01902413 48.79508999 47.70308888 46.69882303 45.74086499 44.78503179 43.77853807 42.65247986 41.3111279 39.61676715 37.37176064 34.31275609 30.17628795 25 
70 65.7574108 61.91834726 58.61946009 55.83315302 53.47634337 51.46237569 49.7170271 48.17949309 46.79872227 45.52896595 44.32554026 43.14074119 41.91953869 40.59470517 39.08144698 37.27294005 35.04175505 32.26026988 28.86627824 25 
70 66.09369191 62.41111808 59.07533029 56.11722069 53.51565491 51.22832841 49.20782639 47.40778503 45.78401835 44.29346382 42.89226609 41.53350607 40.1647812 38.7259098 37.14749958 35.35219402 33.26236088 30.820502 28.02866237 25 
70 66.20636779 62.55735773 59.15389674 56.04522935 53.24131038 50.7281239 48.47889993 46.4605867 44.63691691 42.96942969 41.41736882 39.93702022 38.48090511 36.99732052 35.4310307 33.72646036 31.83536688 29.73096975 27.42799827 25 
70 66.17456914 62.45833991 58.93809801 55.66904428 52.67690063 49.96472033 47.51990355 45.3196424 43.33456491 41.53091288 39.87169129 38.31719833 36.82533929 35.3521999 33.85350959 32.28780447 30.62210494 28.84030344 26.95250857 25 
70 66.03373145 62.16365594 58.47158293 55.01656001 51.83326243 48.93479406 46.31727753 43.96450287 41.85181394 39.9490049 38.22231162 36.63573092 35.15197982 33.73347097 32.34373816 30.94975387 29.52541678 28.05595164 26.54189513 25 
70 65.79687427 61.69131227 57.76852141 54.09300244 50.70557943 47.62481342 44.85089804 42.37033266 40.16027875 38.19209047 36.43391504 34.85248892 33.4143665 32.08686346 30.83900258 29.6427081 28.47436029 27.31653398 26.15929386 25 
70 65.46263359 61.03655346 56.81871101 52.88202608 49.27205406 46.00891416 43.09219506 40.50674663 38.2280158 36.22631523 34.469907 32.92703886 31.56716026 30.36154578 29.28351523 28.30839278 27.4133053 26.57688613 25.77892656 25 
70 65.01728909 60.1739174 55.58827263 51.34502243 47.49252136 44.04753776 41.00326069 38.3375523 36.01987463 34.01641403 32.29351092 30.81970856 29.56672914 28.5095878 27.62594451 26.89472808 26.29411152 25.79913912 25.37970869 25 
70 64.4327856 59.05391044 54.01596271 49.41794679 45.30628581 41.68638686 38.53678411 35.82142292 33.49865423 31.52710738 29.86915191 28.49265097 27.3714864 26.48506377 25.81676154 25.35114066 25.06979656 24.94620613 24.94094928 25 
70 63.6601164 57.59331884 52.00422461 47.00516827 42.62907264 38.8558372 35.63705437 32.91375606 30.62730764 28.72531865 27.16443402 25.91131199 24.94249012 24.24331676 23.8056816 23.62392846 23.68823154 23.97528236 24.43805582 25 
70 62.61452373 55.65534508 49.40292043 43.97003989 39.34973416 35.4716757 32.24276612 29.57022771 27.37252806 25.58346482 24.15297997 23.04666123 22.24477129 21.74087232 21.53945448 21.65127089 22.08439057 22.8289571 23.83615421 25 
70 61.14278106 53.01090893 45.98250054 40.12289137 35.32881565 31.43912876 28.29294746 25.75275806 23.71004408 22.08397623 20.81829181 19.87847911 19.24990226 18.93671016 18.96066032 19.3578647 20.16953114 21.42029286 23.07775152 25 
70 58.94582061 49.2632639 41.39365588 35.21069417 30.40409151 26.66374347 23.73787176 21.43859738 19.63172856 18.22492894 17.15854655 16.39984549 15.94038335 15.79607295 16.00919512 16.6504812 17.81595084 19.60518652 22.05468804 25 
70 55.37734471 43.70288205 35.11847615 28.9225409 24.41359755 21.07443648 18.55680961 16.63268315 15.15402097 14.02615002 13.19179708 12.62262496 12.31632355 12.2985578 12.63005078 13.41931711 14.83891575 17.13002619 20.53592137 25 
70 48.86075903 35.05260706 26.45506618 20.94770697 17.25369576 14.66402368 12.78271886 11.38180826 10.32604517 9.534382587 8.960389795 8.583037312 8.404199896 8.452212296 8.793507528 9.558131941 10.99060926 13.54024473 17.95905408 25 
70 35.01314072 21.19183239 14.70163816 11.1597369 8.989709709 7.545535201 6.528555035 5.786128655 5.234324851 4.825305792 4.53269819 4.345277385 4.265547565 4.312875549 4.533889945 5.029305719 6.025308234 8.081400792 12.76010658 25 
70 0 0 0 0 0 0 0 0 0 0 0 0 0 0 0 0 0 0 0 25 
