60 50 50 50 50 50 50 50 50 50 50 50 50 50 50 50 50 50 50 50 37.5 
70 59.73873507 55.52706183 53.41433328 52.14988745 51.2841909 50.63261694 50.10862729 49.66595206 49.27608634 48.91831915 48.57445968 48.22510079 47.84561982 47.39995728 46.82837113 46.01945627 44.73800336 42.41663023 37.48570093 25 
70 63.42790696 58.95523526 55.98046655 53.90113272 52.35438804 51.13779696 50.13610249 49.27926791 48.52025409 47.82291279 47.15459871 46.48049696 45.75758353 44.92598558 43.8941998 42.51155769 40.51600963 37.44287293 32.52620201 25 
70 65.01771381 60.88561693 57.65132834 55.1200004 53.09468605 51.42837157 50.01903848 48.7951053 47.70310478 46.69883912 45.74088089 44.7850471 43.77855242 42.65249289 41.31113928 39.61677661 37.37176795 34.31276107 30.17629047 25 
70 65.75741406 61.9183537 58.61946955 55.83316527 53.47635811 51.46239255 49.71704567 48.17951291 46.79874286 45.52898679 44.32556085 43.14076102 41.91955726 40.59472203 39.08146172 37.27295231 35.04176451 32.26027632 28.8662815 25 
70 66.09369583 62.41112583 59.07534167 56.11723543 53.51567264 51.22834869 49.20784873 47.40780887 45.78404311 44.2934889 42.89229085 41.53352992 40.16480354 38.72593009 37.14751731 35.35220876 33.26237226 30.82050975 28.02866629 25 
70 66.20637228 62.55736659 59.15390976 56.04524622 53.24133067 50.72814711 48.47892549 46.46061398 44.63694524 42.96945838 41.41739715 39.9370475 38.48093067 36.99734373 35.43105098 33.72647722 31.8353799 29.73097861 27.42800275 25 
70 66.17457409 62.45834968 58.93811235 55.66906285 52.67692297 49.96474589 47.5199317 45.31967245 43.33459612 41.53094447 39.8717225 38.31722838 36.82536744 35.35222546 33.85353193 32.28782304 30.62211928 28.8403132 26.95251351 25 
70 66.03373673 62.16366636 58.47159824 55.01657983 51.83328627 48.93482134 46.31730757 43.96453495 41.85184725 39.94903862 38.22234493 36.63576299 35.15200987 33.73349825 32.343762 30.94977369 29.52543209 28.05596206 26.54190041 25 
70 65.79687975 61.69132309 57.76853731 54.09302303 50.70560419 47.62484175 44.85092925 42.37036597 40.16031334 38.19212549 36.43394963 34.85252222 33.4143977 32.08689179 30.83902735 29.64272868 28.47437619 27.3165448 26.15929934 25 
70 65.46263913 61.03656441 56.81872711 52.88204693 49.27207914 46.00894285 43.09222666 40.50678035 38.22805082 36.22635068 34.46994202 32.92707258 31.56719185 30.36157447 29.2835403 28.30841362 27.4133214 26.57689709 25.7789321 25 
70 65.01729457 60.17392823 55.58828853 51.34504301 47.49254612 44.04756609 41.00329189 38.33758561 36.01990922 34.01644905 32.29354551 30.81974187 29.56676035 28.50961613 27.62596928 26.89474867 26.29412742 25.79914994 25.37971416 25 
70 64.43279087 59.05392086 54.01597802 49.41796662 45.30630966 41.68641414 38.53681416 35.821455 33.49868754 31.5271411 29.86918522 28.49268304 27.37151645 26.48509105 25.81678538 25.35116048 25.06981187 24.94621656 24.94095455 25 
70 63.66012134 57.59332861 52.00423895 47.00518684 42.62909498 38.85586276 35.63708252 32.91378611 30.62733884 28.72535024 27.16446522 25.91134204 24.94251827 24.24334232 23.80570394 23.62394703 23.68824588 23.97529213 24.43806076 25 
70 62.61452822 55.65535395 49.40293345 43.97005675 39.34975444 35.47169891 32.24279168 29.570255 27.37255639 25.58349351 24.15300831 23.04668852 22.24479685 21.74089553 21.53947476 21.65128775 22.08440359 22.82896597 23.8361587 25 
70 61.14278498 53.01091668 45.98251192 40.1229061 35.32883338 31.43914904 28.2929698 25.7527819 23.71006884 22.0840013 20.81831658 19.87850295 19.2499246 18.93673044 18.96067805 19.35787943 20.16954252 21.4203006 23.07775544 25 
70 58.94582387 49.26327034 41.39366534 35.21070642 30.40410625 26.66376033 23.73789033 21.4386172 19.63174914 18.22494979 17.15856713 16.39986531 15.94040192 15.79608981 16.00920986 16.65049345 17.8159603 19.60519296 22.0546913 25 
70 55.37734723 43.70288702 35.11848346 28.92255036 24.41360894 21.0744495 18.55682395 16.63269846 15.15403687 14.02616611 13.19181298 12.62264027 12.31633789 12.29857082 12.63006217 13.41932657 14.83892306 17.13003116 20.53592389 25 
70 48.86076074 35.05261045 26.45507115 20.94771341 17.25370351 14.66403254 12.78272862 11.38181868 10.32605599 9.534393544 8.960400617 8.583047733 8.404209659 8.45222116 8.793515275 9.558138382 10.99061423 13.54024812 17.95905579 25 
70 35.01314159 21.1918341 14.70164067 11.15974016 8.989713632 7.545539689 6.528559978 5.78613393 5.234330329 4.825311339 4.532703668 4.34528266 4.265552507 4.312880036 4.533893867 5.029308979 6.025310752 8.081402506 12.76010745 25 
35 0 0 0 0 0 0 0 0 0 0 0 0 0 0 0 0 0 0 0 12.5 
